Приложение 1
к Правилам № 18 добровольного страхования от болезней и несчастных случаев на время поездки за границу
1. Базовые страховые тарифы при страховании по варианту «А»
Продолжительность поездки, дней
Базовые страховые тарифы,доллары США / евро
Страховая сумма, доллары США / евро
30 000
50 000
70 000
100 000
1 – 3
1,0
1,5
2,0
2,0
4 – 5
2,0
2,5
3,0
3,0
6
3,0
3,5
4,0
4,0
7
3,0
3,5
4,0
5,0
8
3,0
4,0
5,0
5,0
9
4,0
5,0
6,0
6,0
10
4,0
5,0
6,0
7,0
11
5,0
6,0
7,0
7,0
12
5,0
6,0
7,0
8,0
13
5,0
6,5
8,0
9,0
14
6,0
7,5
9,0
9,0
15
6,0
7,5
9,0
10,0
16 – 17
7,0
8,5
10,0
11,0
18
7,0
9,0
11,0
12,0
19
8,0
9,5
11,0
13,0
20
8,0
10,0
12,0
13,0
21
8,0
10,5
13,0
14,0
22
9,0
11,0
13,0
14,0
23
9,0
11,5
14,0
15,0
24
10,0
12,0
14,0
16,0
25
10,0
12,5
15,0
16,0
26
10,0
12,5
15,0
17,0
27
11,0
13,5
16,0
17,0
28
11,0
13,5
16,0
18,0
29
11,0
14,0
17,0
19,0
30
12,0
15,0
18,0
19,0
31
12,0
15,0
18,0
20,0
32
12,0
15,5
19,0
20,0
33
13,0
16,0
19,0
21,0
34
13,0
16,5
20,0
22,0
35
14,0
17,0
20,0
22,0
36
14,0
17,5
21,0
23,0
37
15,0
18,0
21,0
23,0
38 – 39
15,0
18,5
22,0
24,0
40
15,0
19,0
23,0
25,0
41
16,0
19,5
23,0
26,0
42
16,0
20,0
24,0
26,0
43
16,0
20,0
24,0
27,0
44
16,0
21,0
25,0
27,0
45
17,0
21,0
25,0
28,0
46 – 48
17,0
22,5
28,0
30,0
49 – 50
19,0
23,5
28,0
30,0
51
19,0
24,5
30,0
33,0
52 – 55
20,0
25,0
30,0
33,0
56 – 60
22,0
27,0
32,0
36,0
61 – 70
25,0
31,0
37,0
41,0
71 – 90
30,0
37,5
45,0
50,0
91 – 110
35,0
43,5
52,0
58,0
111 – 120
37,0
46,5
56,0
61,0
121 – 150
43,0
54,0
65,0
71,0
151 – 180
49,0
61,0
73,0
80,0
181 – 210
53,0
66,0
79,0
87,0
211 – 240
57,0
71,0
85,0
93,0
241 – 270
61,0
75,0
90,0
98,0
271 – 300
65,0
79,0
93,0
103,0
301 – 365
69,0
83,0
100,0
110,0
2. Базовые страховые тарифы при страховании по варианту «В»
Базовые страховые тарифы, доллары США/евро
Страховая сумма, доллары США/евро
Продолжительность поездки, дней
5 000
10 000
20 000
Продолжительность поездки, дней
5 000
10 000
20 000
1 – 3
1,0
3,0
6,0
34
15,0
29,0
59,0
4 – 5
2,0
5,0
9,0
35
15,0
30,0
61,0
6
3,0
6,0
11,0
36
16,0
31,0
62,0
7
3,0
7,0
13,0
37
16,0
32,0
64,0
8
4,0
7,0
15,0
38
16,0
33,0
65,0
9
4,0
8,0
17,0
39
17,0
33,0
67,0
10
5,0
9,0
18,0
40
17,0
34,0
68,0
11
5,0
10,0
20,0
41
17,0
35,0
70,0
12
6,0
11,0
22,0
42
18,0
36,0
71,0
13
6,0
12,0
24,0
43
18,0
36,0
73,0
14
6,0
13,0
26,0
44
19,0
37,0
74,0
15
7,0
14,0
27,0
45
19,0
38,0
76,0
16
7,0
15,0
29,0
46 – 48
20,0
40,0
80,0
17
8,0
15,0
31,0
49 – 50
21,0
42,0
83,0
18
8,0
16,0
33,0
51
21,0
42,0
85,0
19
9,0
17,0
34,0
52 – 55
23,0
45,0
90,0
20
9,0
18,0
36,0
56 – 60
24,0
49,0
97,0
21
9,0
19,0
38,0
61 – 70
28,0
55,0
111,0
22
10,0
20,0
39,0
71 – 90
34,0
68,0
135,0
23
10,0
21,0
41,0
91 – 110
39,0
79,0
157,0
24
11,0
21,0
43,0
111 – 120
42,0
84,0
167,0
25
11,0
22,0
44,0
121 – 150
49,0
97,0
194,0
26
12,0
23,0
46,0
151 – 180
54,0
109,0
218,0
27
12,0
24,0
48,0
181 – 210
59,0
119,0
237,0
28
12,0
25,0
49,0
211 – 240
63,0
127,0
254,0
29
13,0
25,0
51,0
241 – 270
67,0
134,0
268,0
30
13,0
26,0
53,0
271 – 300
70,0
140,0
280,0
31
14,0
27,0
54,0
301 – 330
73,0
145,0
290,0
32
14,0
28,0
56,0
331 – 365(366)
75,0
150,0
300,0
33
14,0
29,0
57,0
Размер уплачиваемой страховой премии округляется по правилам математики:
при уплате в национальной валюте Республики Беларусь – до целой копейки;
при уплате в иностранной валюте (если уплата в иностранной валюте допускается в соответствии с законодательством Республики Беларусь) – до целого цента, евроцента и т.д.